{
 "cells": [
  {
   "cell_type": "code",
   "execution_count": 138,
   "metadata": {},
   "outputs": [],
   "source": [
    "import pandas as pd\n",
    "import numpy as np\n",
    "import matplotlib.pyplot as plt\n",
    "import seaborn as sns\n",
    "from sklearn.model_selection import train_test_split\n",
    "from sklearn.preprocessing import StandardScaler\n",
    "from sklearn.linear_model import LogisticRegression\n",
    "from sklearn.metrics import accuracy_score, confusion_matrix, classification_report\n",
    "\n"
   ]
  },
  {
   "cell_type": "code",
   "execution_count": 139,
   "metadata": {},
   "outputs": [
    {
     "data": {
      "text/html": [
       "<div>\n",
       "<style scoped>\n",
       "    .dataframe tbody tr th:only-of-type {\n",
       "        vertical-align: middle;\n",
       "    }\n",
       "\n",
       "    .dataframe tbody tr th {\n",
       "        vertical-align: top;\n",
       "    }\n",
       "\n",
       "    .dataframe thead th {\n",
       "        text-align: right;\n",
       "    }\n",
       "</style>\n",
       "<table border=\"1\" class=\"dataframe\">\n",
       "  <thead>\n",
       "    <tr style=\"text-align: right;\">\n",
       "      <th></th>\n",
       "      <th>Gender</th>\n",
       "      <th>Age</th>\n",
       "      <th>Height</th>\n",
       "      <th>Weight</th>\n",
       "      <th>family_history</th>\n",
       "      <th>FAVC</th>\n",
       "      <th>FCVC</th>\n",
       "      <th>NCP</th>\n",
       "      <th>CAEC</th>\n",
       "      <th>SMOKE</th>\n",
       "      <th>CH2O</th>\n",
       "      <th>SCC</th>\n",
       "      <th>FAF</th>\n",
       "      <th>TUE</th>\n",
       "      <th>CALC</th>\n",
       "      <th>MTRANS</th>\n",
       "      <th>Obesity</th>\n",
       "    </tr>\n",
       "  </thead>\n",
       "  <tbody>\n",
       "    <tr>\n",
       "      <th>0</th>\n",
       "      <td>Female</td>\n",
       "      <td>21.0</td>\n",
       "      <td>1.62</td>\n",
       "      <td>64.0</td>\n",
       "      <td>yes</td>\n",
       "      <td>no</td>\n",
       "      <td>2.0</td>\n",
       "      <td>3.0</td>\n",
       "      <td>Sometimes</td>\n",
       "      <td>no</td>\n",
       "      <td>2.0</td>\n",
       "      <td>no</td>\n",
       "      <td>0.0</td>\n",
       "      <td>1.0</td>\n",
       "      <td>no</td>\n",
       "      <td>Public_Transportation</td>\n",
       "      <td>Normal_Weight</td>\n",
       "    </tr>\n",
       "    <tr>\n",
       "      <th>1</th>\n",
       "      <td>Female</td>\n",
       "      <td>21.0</td>\n",
       "      <td>1.52</td>\n",
       "      <td>56.0</td>\n",
       "      <td>yes</td>\n",
       "      <td>no</td>\n",
       "      <td>3.0</td>\n",
       "      <td>3.0</td>\n",
       "      <td>Sometimes</td>\n",
       "      <td>yes</td>\n",
       "      <td>3.0</td>\n",
       "      <td>yes</td>\n",
       "      <td>3.0</td>\n",
       "      <td>0.0</td>\n",
       "      <td>Sometimes</td>\n",
       "      <td>Public_Transportation</td>\n",
       "      <td>Normal_Weight</td>\n",
       "    </tr>\n",
       "    <tr>\n",
       "      <th>2</th>\n",
       "      <td>Male</td>\n",
       "      <td>23.0</td>\n",
       "      <td>1.80</td>\n",
       "      <td>77.0</td>\n",
       "      <td>yes</td>\n",
       "      <td>no</td>\n",
       "      <td>2.0</td>\n",
       "      <td>3.0</td>\n",
       "      <td>Sometimes</td>\n",
       "      <td>no</td>\n",
       "      <td>2.0</td>\n",
       "      <td>no</td>\n",
       "      <td>2.0</td>\n",
       "      <td>1.0</td>\n",
       "      <td>Frequently</td>\n",
       "      <td>Public_Transportation</td>\n",
       "      <td>Normal_Weight</td>\n",
       "    </tr>\n",
       "    <tr>\n",
       "      <th>3</th>\n",
       "      <td>Male</td>\n",
       "      <td>27.0</td>\n",
       "      <td>1.80</td>\n",
       "      <td>87.0</td>\n",
       "      <td>no</td>\n",
       "      <td>no</td>\n",
       "      <td>3.0</td>\n",
       "      <td>3.0</td>\n",
       "      <td>Sometimes</td>\n",
       "      <td>no</td>\n",
       "      <td>2.0</td>\n",
       "      <td>no</td>\n",
       "      <td>2.0</td>\n",
       "      <td>0.0</td>\n",
       "      <td>Frequently</td>\n",
       "      <td>Walking</td>\n",
       "      <td>Overweight_Level_I</td>\n",
       "    </tr>\n",
       "    <tr>\n",
       "      <th>4</th>\n",
       "      <td>Male</td>\n",
       "      <td>22.0</td>\n",
       "      <td>1.78</td>\n",
       "      <td>89.8</td>\n",
       "      <td>no</td>\n",
       "      <td>no</td>\n",
       "      <td>2.0</td>\n",
       "      <td>1.0</td>\n",
       "      <td>Sometimes</td>\n",
       "      <td>no</td>\n",
       "      <td>2.0</td>\n",
       "      <td>no</td>\n",
       "      <td>0.0</td>\n",
       "      <td>0.0</td>\n",
       "      <td>Sometimes</td>\n",
       "      <td>Public_Transportation</td>\n",
       "      <td>Overweight_Level_II</td>\n",
       "    </tr>\n",
       "  </tbody>\n",
       "</table>\n",
       "</div>"
      ],
      "text/plain": [
       "   Gender   Age  Height  Weight family_history FAVC  FCVC  NCP       CAEC  \\\n",
       "0  Female  21.0    1.62    64.0            yes   no   2.0  3.0  Sometimes   \n",
       "1  Female  21.0    1.52    56.0            yes   no   3.0  3.0  Sometimes   \n",
       "2    Male  23.0    1.80    77.0            yes   no   2.0  3.0  Sometimes   \n",
       "3    Male  27.0    1.80    87.0             no   no   3.0  3.0  Sometimes   \n",
       "4    Male  22.0    1.78    89.8             no   no   2.0  1.0  Sometimes   \n",
       "\n",
       "  SMOKE  CH2O  SCC  FAF  TUE        CALC                 MTRANS  \\\n",
       "0    no   2.0   no  0.0  1.0          no  Public_Transportation   \n",
       "1   yes   3.0  yes  3.0  0.0   Sometimes  Public_Transportation   \n",
       "2    no   2.0   no  2.0  1.0  Frequently  Public_Transportation   \n",
       "3    no   2.0   no  2.0  0.0  Frequently                Walking   \n",
       "4    no   2.0   no  0.0  0.0   Sometimes  Public_Transportation   \n",
       "\n",
       "               Obesity  \n",
       "0        Normal_Weight  \n",
       "1        Normal_Weight  \n",
       "2        Normal_Weight  \n",
       "3   Overweight_Level_I  \n",
       "4  Overweight_Level_II  "
      ]
     },
     "execution_count": 139,
     "metadata": {},
     "output_type": "execute_result"
    }
   ],
   "source": [
    "df = pd.read_csv('Obesity prediction.csv')\n",
    "df.head()\n"
   ]
  },
  {
   "cell_type": "code",
   "execution_count": 140,
   "metadata": {},
   "outputs": [
    {
     "data": {
      "text/html": [
       "<div>\n",
       "<style scoped>\n",
       "    .dataframe tbody tr th:only-of-type {\n",
       "        vertical-align: middle;\n",
       "    }\n",
       "\n",
       "    .dataframe tbody tr th {\n",
       "        vertical-align: top;\n",
       "    }\n",
       "\n",
       "    .dataframe thead th {\n",
       "        text-align: right;\n",
       "    }\n",
       "</style>\n",
       "<table border=\"1\" class=\"dataframe\">\n",
       "  <thead>\n",
       "    <tr style=\"text-align: right;\">\n",
       "      <th></th>\n",
       "      <th>Age</th>\n",
       "      <th>Height</th>\n",
       "      <th>Weight</th>\n",
       "      <th>FCVC</th>\n",
       "      <th>NCP</th>\n",
       "      <th>CH2O</th>\n",
       "      <th>FAF</th>\n",
       "      <th>TUE</th>\n",
       "    </tr>\n",
       "  </thead>\n",
       "  <tbody>\n",
       "    <tr>\n",
       "      <th>count</th>\n",
       "      <td>2111.000000</td>\n",
       "      <td>2111.000000</td>\n",
       "      <td>2111.000000</td>\n",
       "      <td>2111.000000</td>\n",
       "      <td>2111.000000</td>\n",
       "      <td>2111.000000</td>\n",
       "      <td>2111.000000</td>\n",
       "      <td>2111.000000</td>\n",
       "    </tr>\n",
       "    <tr>\n",
       "      <th>mean</th>\n",
       "      <td>24.312600</td>\n",
       "      <td>1.701677</td>\n",
       "      <td>86.586058</td>\n",
       "      <td>2.419043</td>\n",
       "      <td>2.685628</td>\n",
       "      <td>2.008011</td>\n",
       "      <td>1.010298</td>\n",
       "      <td>0.657866</td>\n",
       "    </tr>\n",
       "    <tr>\n",
       "      <th>std</th>\n",
       "      <td>6.345968</td>\n",
       "      <td>0.093305</td>\n",
       "      <td>26.191172</td>\n",
       "      <td>0.533927</td>\n",
       "      <td>0.778039</td>\n",
       "      <td>0.612953</td>\n",
       "      <td>0.850592</td>\n",
       "      <td>0.608927</td>\n",
       "    </tr>\n",
       "    <tr>\n",
       "      <th>min</th>\n",
       "      <td>14.000000</td>\n",
       "      <td>1.450000</td>\n",
       "      <td>39.000000</td>\n",
       "      <td>1.000000</td>\n",
       "      <td>1.000000</td>\n",
       "      <td>1.000000</td>\n",
       "      <td>0.000000</td>\n",
       "      <td>0.000000</td>\n",
       "    </tr>\n",
       "    <tr>\n",
       "      <th>25%</th>\n",
       "      <td>19.947192</td>\n",
       "      <td>1.630000</td>\n",
       "      <td>65.473343</td>\n",
       "      <td>2.000000</td>\n",
       "      <td>2.658738</td>\n",
       "      <td>1.584812</td>\n",
       "      <td>0.124505</td>\n",
       "      <td>0.000000</td>\n",
       "    </tr>\n",
       "    <tr>\n",
       "      <th>50%</th>\n",
       "      <td>22.777890</td>\n",
       "      <td>1.700499</td>\n",
       "      <td>83.000000</td>\n",
       "      <td>2.385502</td>\n",
       "      <td>3.000000</td>\n",
       "      <td>2.000000</td>\n",
       "      <td>1.000000</td>\n",
       "      <td>0.625350</td>\n",
       "    </tr>\n",
       "    <tr>\n",
       "      <th>75%</th>\n",
       "      <td>26.000000</td>\n",
       "      <td>1.768464</td>\n",
       "      <td>107.430682</td>\n",
       "      <td>3.000000</td>\n",
       "      <td>3.000000</td>\n",
       "      <td>2.477420</td>\n",
       "      <td>1.666678</td>\n",
       "      <td>1.000000</td>\n",
       "    </tr>\n",
       "    <tr>\n",
       "      <th>max</th>\n",
       "      <td>61.000000</td>\n",
       "      <td>1.980000</td>\n",
       "      <td>173.000000</td>\n",
       "      <td>3.000000</td>\n",
       "      <td>4.000000</td>\n",
       "      <td>3.000000</td>\n",
       "      <td>3.000000</td>\n",
       "      <td>2.000000</td>\n",
       "    </tr>\n",
       "  </tbody>\n",
       "</table>\n",
       "</div>"
      ],
      "text/plain": [
       "               Age       Height       Weight         FCVC          NCP  \\\n",
       "count  2111.000000  2111.000000  2111.000000  2111.000000  2111.000000   \n",
       "mean     24.312600     1.701677    86.586058     2.419043     2.685628   \n",
       "std       6.345968     0.093305    26.191172     0.533927     0.778039   \n",
       "min      14.000000     1.450000    39.000000     1.000000     1.000000   \n",
       "25%      19.947192     1.630000    65.473343     2.000000     2.658738   \n",
       "50%      22.777890     1.700499    83.000000     2.385502     3.000000   \n",
       "75%      26.000000     1.768464   107.430682     3.000000     3.000000   \n",
       "max      61.000000     1.980000   173.000000     3.000000     4.000000   \n",
       "\n",
       "              CH2O          FAF          TUE  \n",
       "count  2111.000000  2111.000000  2111.000000  \n",
       "mean      2.008011     1.010298     0.657866  \n",
       "std       0.612953     0.850592     0.608927  \n",
       "min       1.000000     0.000000     0.000000  \n",
       "25%       1.584812     0.124505     0.000000  \n",
       "50%       2.000000     1.000000     0.625350  \n",
       "75%       2.477420     1.666678     1.000000  \n",
       "max       3.000000     3.000000     2.000000  "
      ]
     },
     "execution_count": 140,
     "metadata": {},
     "output_type": "execute_result"
    }
   ],
   "source": [
    "df.describe()\n"
   ]
  },
  {
   "cell_type": "code",
   "execution_count": 141,
   "metadata": {},
   "outputs": [
    {
     "name": "stdout",
     "output_type": "stream",
     "text": [
      "<class 'pandas.core.frame.DataFrame'>\n",
      "RangeIndex: 2111 entries, 0 to 2110\n",
      "Data columns (total 17 columns):\n",
      " #   Column          Non-Null Count  Dtype  \n",
      "---  ------          --------------  -----  \n",
      " 0   Gender          2111 non-null   object \n",
      " 1   Age             2111 non-null   float64\n",
      " 2   Height          2111 non-null   float64\n",
      " 3   Weight          2111 non-null   float64\n",
      " 4   family_history  2111 non-null   object \n",
      " 5   FAVC            2111 non-null   object \n",
      " 6   FCVC            2111 non-null   float64\n",
      " 7   NCP             2111 non-null   float64\n",
      " 8   CAEC            2111 non-null   object \n",
      " 9   SMOKE           2111 non-null   object \n",
      " 10  CH2O            2111 non-null   float64\n",
      " 11  SCC             2111 non-null   object \n",
      " 12  FAF             2111 non-null   float64\n",
      " 13  TUE             2111 non-null   float64\n",
      " 14  CALC            2111 non-null   object \n",
      " 15  MTRANS          2111 non-null   object \n",
      " 16  Obesity         2111 non-null   object \n",
      "dtypes: float64(8), object(9)\n",
      "memory usage: 280.5+ KB\n"
     ]
    }
   ],
   "source": [
    "df.info()"
   ]
  },
  {
   "cell_type": "code",
   "execution_count": 142,
   "metadata": {},
   "outputs": [
    {
     "data": {
      "text/plain": [
       "Gender            0\n",
       "Age               0\n",
       "Height            0\n",
       "Weight            0\n",
       "family_history    0\n",
       "FAVC              0\n",
       "FCVC              0\n",
       "NCP               0\n",
       "CAEC              0\n",
       "SMOKE             0\n",
       "CH2O              0\n",
       "SCC               0\n",
       "FAF               0\n",
       "TUE               0\n",
       "CALC              0\n",
       "MTRANS            0\n",
       "Obesity           0\n",
       "dtype: int64"
      ]
     },
     "execution_count": 142,
     "metadata": {},
     "output_type": "execute_result"
    }
   ],
   "source": [
    "df.isnull().sum()\n"
   ]
  },
  {
   "cell_type": "code",
   "execution_count": 143,
   "metadata": {},
   "outputs": [
    {
     "data": {
      "text/plain": [
       "np.int64(24)"
      ]
     },
     "execution_count": 143,
     "metadata": {},
     "output_type": "execute_result"
    }
   ],
   "source": [
    "df.duplicated().sum()\n"
   ]
  },
  {
   "cell_type": "code",
   "execution_count": 144,
   "metadata": {},
   "outputs": [],
   "source": [
    "df.drop_duplicates(inplace=True)\n"
   ]
  },
  {
   "cell_type": "code",
   "execution_count": 145,
   "metadata": {},
   "outputs": [
    {
     "name": "stdout",
     "output_type": "stream",
     "text": [
      "Kolom non-numerik: ['Gender', 'family_history', 'FAVC', 'CAEC', 'SMOKE', 'SCC', 'CALC', 'MTRANS', 'Obesity']\n"
     ]
    }
   ],
   "source": [
    "kolom_non_numerik = [col for col in df.columns if df[col].dtype not in ['int64', 'float64']]\n",
    "print(\"Kolom non-numerik:\", kolom_non_numerik)"
   ]
  },
  {
   "cell_type": "code",
   "execution_count": 146,
   "metadata": {},
   "outputs": [
    {
     "data": {
      "text/html": [
       "<div>\n",
       "<style scoped>\n",
       "    .dataframe tbody tr th:only-of-type {\n",
       "        vertical-align: middle;\n",
       "    }\n",
       "\n",
       "    .dataframe tbody tr th {\n",
       "        vertical-align: top;\n",
       "    }\n",
       "\n",
       "    .dataframe thead th {\n",
       "        text-align: right;\n",
       "    }\n",
       "</style>\n",
       "<table border=\"1\" class=\"dataframe\">\n",
       "  <thead>\n",
       "    <tr style=\"text-align: right;\">\n",
       "      <th></th>\n",
       "      <th>Gender</th>\n",
       "      <th>Age</th>\n",
       "      <th>Height</th>\n",
       "      <th>Weight</th>\n",
       "      <th>family_history</th>\n",
       "      <th>FAVC</th>\n",
       "      <th>FCVC</th>\n",
       "      <th>NCP</th>\n",
       "      <th>CAEC</th>\n",
       "      <th>SMOKE</th>\n",
       "      <th>CH2O</th>\n",
       "      <th>SCC</th>\n",
       "      <th>FAF</th>\n",
       "      <th>TUE</th>\n",
       "      <th>CALC</th>\n",
       "      <th>MTRANS</th>\n",
       "      <th>Obesity</th>\n",
       "    </tr>\n",
       "  </thead>\n",
       "  <tbody>\n",
       "    <tr>\n",
       "      <th>0</th>\n",
       "      <td>0</td>\n",
       "      <td>21.0</td>\n",
       "      <td>1.62</td>\n",
       "      <td>64.0</td>\n",
       "      <td>1</td>\n",
       "      <td>0</td>\n",
       "      <td>2.0</td>\n",
       "      <td>3.0</td>\n",
       "      <td>2</td>\n",
       "      <td>0</td>\n",
       "      <td>2.0</td>\n",
       "      <td>0</td>\n",
       "      <td>0.0</td>\n",
       "      <td>1.0</td>\n",
       "      <td>3</td>\n",
       "      <td>3</td>\n",
       "      <td>1</td>\n",
       "    </tr>\n",
       "    <tr>\n",
       "      <th>1</th>\n",
       "      <td>0</td>\n",
       "      <td>21.0</td>\n",
       "      <td>1.52</td>\n",
       "      <td>56.0</td>\n",
       "      <td>1</td>\n",
       "      <td>0</td>\n",
       "      <td>3.0</td>\n",
       "      <td>3.0</td>\n",
       "      <td>2</td>\n",
       "      <td>1</td>\n",
       "      <td>3.0</td>\n",
       "      <td>1</td>\n",
       "      <td>3.0</td>\n",
       "      <td>0.0</td>\n",
       "      <td>2</td>\n",
       "      <td>3</td>\n",
       "      <td>1</td>\n",
       "    </tr>\n",
       "    <tr>\n",
       "      <th>2</th>\n",
       "      <td>1</td>\n",
       "      <td>23.0</td>\n",
       "      <td>1.80</td>\n",
       "      <td>77.0</td>\n",
       "      <td>1</td>\n",
       "      <td>0</td>\n",
       "      <td>2.0</td>\n",
       "      <td>3.0</td>\n",
       "      <td>2</td>\n",
       "      <td>0</td>\n",
       "      <td>2.0</td>\n",
       "      <td>0</td>\n",
       "      <td>2.0</td>\n",
       "      <td>1.0</td>\n",
       "      <td>1</td>\n",
       "      <td>3</td>\n",
       "      <td>1</td>\n",
       "    </tr>\n",
       "    <tr>\n",
       "      <th>3</th>\n",
       "      <td>1</td>\n",
       "      <td>27.0</td>\n",
       "      <td>1.80</td>\n",
       "      <td>87.0</td>\n",
       "      <td>0</td>\n",
       "      <td>0</td>\n",
       "      <td>3.0</td>\n",
       "      <td>3.0</td>\n",
       "      <td>2</td>\n",
       "      <td>0</td>\n",
       "      <td>2.0</td>\n",
       "      <td>0</td>\n",
       "      <td>2.0</td>\n",
       "      <td>0.0</td>\n",
       "      <td>1</td>\n",
       "      <td>4</td>\n",
       "      <td>5</td>\n",
       "    </tr>\n",
       "    <tr>\n",
       "      <th>4</th>\n",
       "      <td>1</td>\n",
       "      <td>22.0</td>\n",
       "      <td>1.78</td>\n",
       "      <td>89.8</td>\n",
       "      <td>0</td>\n",
       "      <td>0</td>\n",
       "      <td>2.0</td>\n",
       "      <td>1.0</td>\n",
       "      <td>2</td>\n",
       "      <td>0</td>\n",
       "      <td>2.0</td>\n",
       "      <td>0</td>\n",
       "      <td>0.0</td>\n",
       "      <td>0.0</td>\n",
       "      <td>2</td>\n",
       "      <td>3</td>\n",
       "      <td>6</td>\n",
       "    </tr>\n",
       "  </tbody>\n",
       "</table>\n",
       "</div>"
      ],
      "text/plain": [
       "   Gender   Age  Height  Weight  family_history  FAVC  FCVC  NCP  CAEC  SMOKE  \\\n",
       "0       0  21.0    1.62    64.0               1     0   2.0  3.0     2      0   \n",
       "1       0  21.0    1.52    56.0               1     0   3.0  3.0     2      1   \n",
       "2       1  23.0    1.80    77.0               1     0   2.0  3.0     2      0   \n",
       "3       1  27.0    1.80    87.0               0     0   3.0  3.0     2      0   \n",
       "4       1  22.0    1.78    89.8               0     0   2.0  1.0     2      0   \n",
       "\n",
       "   CH2O  SCC  FAF  TUE  CALC  MTRANS  Obesity  \n",
       "0   2.0    0  0.0  1.0     3       3        1  \n",
       "1   3.0    1  3.0  0.0     2       3        1  \n",
       "2   2.0    0  2.0  1.0     1       3        1  \n",
       "3   2.0    0  2.0  0.0     1       4        5  \n",
       "4   2.0    0  0.0  0.0     2       3        6  "
      ]
     },
     "execution_count": 146,
     "metadata": {},
     "output_type": "execute_result"
    }
   ],
   "source": [
    "from sklearn.preprocessing import LabelEncoder\n",
    "le = LabelEncoder()\n",
    "df[kolom_non_numerik] = df[kolom_non_numerik].apply(le.fit_transform)\n",
    "\n",
    "df.head()\n"
   ]
  },
  {
   "cell_type": "code",
   "execution_count": 154,
   "metadata": {},
   "outputs": [
    {
     "data": {
      "text/plain": [
       "np.float64(2.0)"
      ]
     },
     "execution_count": 154,
     "metadata": {},
     "output_type": "execute_result"
    }
   ],
   "source": [
    "df['TUE'].max()"
   ]
  },
  {
   "cell_type": "code",
   "execution_count": 133,
   "metadata": {},
   "outputs": [
    {
     "data": {
      "text/html": [
       "<div>\n",
       "<style scoped>\n",
       "    .dataframe tbody tr th:only-of-type {\n",
       "        vertical-align: middle;\n",
       "    }\n",
       "\n",
       "    .dataframe tbody tr th {\n",
       "        vertical-align: top;\n",
       "    }\n",
       "\n",
       "    .dataframe thead th {\n",
       "        text-align: right;\n",
       "    }\n",
       "</style>\n",
       "<table border=\"1\" class=\"dataframe\">\n",
       "  <thead>\n",
       "    <tr style=\"text-align: right;\">\n",
       "      <th></th>\n",
       "      <th>Gender</th>\n",
       "      <th>Age</th>\n",
       "      <th>Height</th>\n",
       "      <th>Weight</th>\n",
       "      <th>family_history</th>\n",
       "      <th>FAVC</th>\n",
       "      <th>FCVC</th>\n",
       "      <th>NCP</th>\n",
       "      <th>CAEC</th>\n",
       "      <th>SMOKE</th>\n",
       "      <th>CH2O</th>\n",
       "      <th>SCC</th>\n",
       "      <th>FAF</th>\n",
       "      <th>TUE</th>\n",
       "      <th>CALC</th>\n",
       "      <th>MTRANS</th>\n",
       "      <th>Obesity</th>\n",
       "    </tr>\n",
       "  </thead>\n",
       "  <tbody>\n",
       "    <tr>\n",
       "      <th>Gender</th>\n",
       "      <td>1.000000</td>\n",
       "      <td>0.050641</td>\n",
       "      <td>0.626748</td>\n",
       "      <td>0.163176</td>\n",
       "      <td>0.113492</td>\n",
       "      <td>0.061220</td>\n",
       "      <td>-0.271575</td>\n",
       "      <td>0.077863</td>\n",
       "      <td>0.074564</td>\n",
       "      <td>0.045501</td>\n",
       "      <td>0.095129</td>\n",
       "      <td>-0.102435</td>\n",
       "      <td>0.189471</td>\n",
       "      <td>0.022356</td>\n",
       "      <td>0.010574</td>\n",
       "      <td>-0.139044</td>\n",
       "      <td>0.014699</td>\n",
       "    </tr>\n",
       "    <tr>\n",
       "      <th>Age</th>\n",
       "      <td>0.050641</td>\n",
       "      <td>1.000000</td>\n",
       "      <td>-0.031748</td>\n",
       "      <td>0.198160</td>\n",
       "      <td>0.200379</td>\n",
       "      <td>0.063895</td>\n",
       "      <td>0.013572</td>\n",
       "      <td>-0.055823</td>\n",
       "      <td>0.092097</td>\n",
       "      <td>0.091261</td>\n",
       "      <td>-0.044058</td>\n",
       "      <td>-0.117959</td>\n",
       "      <td>-0.148202</td>\n",
       "      <td>-0.302927</td>\n",
       "      <td>-0.045565</td>\n",
       "      <td>-0.601476</td>\n",
       "      <td>0.238308</td>\n",
       "    </tr>\n",
       "    <tr>\n",
       "      <th>Height</th>\n",
       "      <td>0.626748</td>\n",
       "      <td>-0.031748</td>\n",
       "      <td>1.000000</td>\n",
       "      <td>0.457468</td>\n",
       "      <td>0.232258</td>\n",
       "      <td>0.180694</td>\n",
       "      <td>-0.040363</td>\n",
       "      <td>0.227806</td>\n",
       "      <td>0.058001</td>\n",
       "      <td>0.054326</td>\n",
       "      <td>0.220487</td>\n",
       "      <td>-0.137078</td>\n",
       "      <td>0.293584</td>\n",
       "      <td>0.041808</td>\n",
       "      <td>-0.135756</td>\n",
       "      <td>-0.068258</td>\n",
       "      <td>0.038700</td>\n",
       "    </tr>\n",
       "    <tr>\n",
       "      <th>Weight</th>\n",
       "      <td>0.163176</td>\n",
       "      <td>0.198160</td>\n",
       "      <td>0.457468</td>\n",
       "      <td>1.000000</td>\n",
       "      <td>0.492969</td>\n",
       "      <td>0.274655</td>\n",
       "      <td>0.216574</td>\n",
       "      <td>0.092149</td>\n",
       "      <td>0.300271</td>\n",
       "      <td>0.024369</td>\n",
       "      <td>0.203823</td>\n",
       "      <td>-0.205409</td>\n",
       "      <td>-0.056490</td>\n",
       "      <td>-0.079351</td>\n",
       "      <td>-0.211351</td>\n",
       "      <td>0.009836</td>\n",
       "      <td>0.388802</td>\n",
       "    </tr>\n",
       "    <tr>\n",
       "      <th>family_history</th>\n",
       "      <td>0.113492</td>\n",
       "      <td>0.200379</td>\n",
       "      <td>0.232258</td>\n",
       "      <td>0.492969</td>\n",
       "      <td>1.000000</td>\n",
       "      <td>0.214329</td>\n",
       "      <td>0.033199</td>\n",
       "      <td>0.028411</td>\n",
       "      <td>0.207738</td>\n",
       "      <td>0.014885</td>\n",
       "      <td>0.168627</td>\n",
       "      <td>-0.193947</td>\n",
       "      <td>-0.062937</td>\n",
       "      <td>0.002314</td>\n",
       "      <td>0.028403</td>\n",
       "      <td>-0.092730</td>\n",
       "      <td>0.330391</td>\n",
       "    </tr>\n",
       "    <tr>\n",
       "      <th>FAVC</th>\n",
       "      <td>0.061220</td>\n",
       "      <td>0.063895</td>\n",
       "      <td>0.180694</td>\n",
       "      <td>0.274655</td>\n",
       "      <td>0.214329</td>\n",
       "      <td>1.000000</td>\n",
       "      <td>-0.025419</td>\n",
       "      <td>-0.006398</td>\n",
       "      <td>0.147921</td>\n",
       "      <td>-0.050713</td>\n",
       "      <td>0.002993</td>\n",
       "      <td>-0.191277</td>\n",
       "      <td>-0.111184</td>\n",
       "      <td>0.071505</td>\n",
       "      <td>-0.087661</td>\n",
       "      <td>-0.069422</td>\n",
       "      <td>0.041023</td>\n",
       "    </tr>\n",
       "    <tr>\n",
       "      <th>FCVC</th>\n",
       "      <td>-0.271575</td>\n",
       "      <td>0.013572</td>\n",
       "      <td>-0.040363</td>\n",
       "      <td>0.216574</td>\n",
       "      <td>0.033199</td>\n",
       "      <td>-0.025419</td>\n",
       "      <td>1.000000</td>\n",
       "      <td>0.034885</td>\n",
       "      <td>-0.038565</td>\n",
       "      <td>0.013716</td>\n",
       "      <td>0.081332</td>\n",
       "      <td>0.071179</td>\n",
       "      <td>0.022003</td>\n",
       "      <td>-0.104128</td>\n",
       "      <td>-0.063132</td>\n",
       "      <td>0.069012</td>\n",
       "      <td>0.025728</td>\n",
       "    </tr>\n",
       "    <tr>\n",
       "      <th>NCP</th>\n",
       "      <td>0.077863</td>\n",
       "      <td>-0.055823</td>\n",
       "      <td>0.227806</td>\n",
       "      <td>0.092149</td>\n",
       "      <td>0.028411</td>\n",
       "      <td>-0.006398</td>\n",
       "      <td>0.034885</td>\n",
       "      <td>1.000000</td>\n",
       "      <td>-0.072316</td>\n",
       "      <td>0.005009</td>\n",
       "      <td>0.075335</td>\n",
       "      <td>-0.020461</td>\n",
       "      <td>0.127816</td>\n",
       "      <td>0.015693</td>\n",
       "      <td>-0.082985</td>\n",
       "      <td>-0.043648</td>\n",
       "      <td>-0.088235</td>\n",
       "    </tr>\n",
       "    <tr>\n",
       "      <th>CAEC</th>\n",
       "      <td>0.074564</td>\n",
       "      <td>0.092097</td>\n",
       "      <td>0.058001</td>\n",
       "      <td>0.300271</td>\n",
       "      <td>0.207738</td>\n",
       "      <td>0.147921</td>\n",
       "      <td>-0.038565</td>\n",
       "      <td>-0.072316</td>\n",
       "      <td>1.000000</td>\n",
       "      <td>-0.054960</td>\n",
       "      <td>0.114801</td>\n",
       "      <td>-0.109393</td>\n",
       "      <td>-0.034803</td>\n",
       "      <td>-0.036708</td>\n",
       "      <td>-0.039502</td>\n",
       "      <td>-0.058158</td>\n",
       "      <td>0.314510</td>\n",
       "    </tr>\n",
       "    <tr>\n",
       "      <th>SMOKE</th>\n",
       "      <td>0.045501</td>\n",
       "      <td>0.091261</td>\n",
       "      <td>0.054326</td>\n",
       "      <td>0.024369</td>\n",
       "      <td>0.014885</td>\n",
       "      <td>-0.050713</td>\n",
       "      <td>0.013716</td>\n",
       "      <td>0.005009</td>\n",
       "      <td>-0.054960</td>\n",
       "      <td>1.000000</td>\n",
       "      <td>-0.031642</td>\n",
       "      <td>0.047384</td>\n",
       "      <td>0.010811</td>\n",
       "      <td>0.016491</td>\n",
       "      <td>-0.083181</td>\n",
       "      <td>-0.009995</td>\n",
       "      <td>-0.023341</td>\n",
       "    </tr>\n",
       "    <tr>\n",
       "      <th>CH2O</th>\n",
       "      <td>0.095129</td>\n",
       "      <td>-0.044058</td>\n",
       "      <td>0.220487</td>\n",
       "      <td>0.203823</td>\n",
       "      <td>0.168627</td>\n",
       "      <td>0.002993</td>\n",
       "      <td>0.081332</td>\n",
       "      <td>0.075335</td>\n",
       "      <td>0.114801</td>\n",
       "      <td>-0.031642</td>\n",
       "      <td>1.000000</td>\n",
       "      <td>0.009325</td>\n",
       "      <td>0.165310</td>\n",
       "      <td>0.020704</td>\n",
       "      <td>-0.085460</td>\n",
       "      <td>0.040762</td>\n",
       "      <td>0.092616</td>\n",
       "    </tr>\n",
       "    <tr>\n",
       "      <th>SCC</th>\n",
       "      <td>-0.102435</td>\n",
       "      <td>-0.117959</td>\n",
       "      <td>-0.137078</td>\n",
       "      <td>-0.205409</td>\n",
       "      <td>-0.193947</td>\n",
       "      <td>-0.191277</td>\n",
       "      <td>0.071179</td>\n",
       "      <td>-0.020461</td>\n",
       "      <td>-0.109393</td>\n",
       "      <td>0.047384</td>\n",
       "      <td>0.009325</td>\n",
       "      <td>1.000000</td>\n",
       "      <td>0.073768</td>\n",
       "      <td>-0.012875</td>\n",
       "      <td>-0.004175</td>\n",
       "      <td>0.044381</td>\n",
       "      <td>-0.050936</td>\n",
       "    </tr>\n",
       "    <tr>\n",
       "      <th>FAF</th>\n",
       "      <td>0.189471</td>\n",
       "      <td>-0.148202</td>\n",
       "      <td>0.293584</td>\n",
       "      <td>-0.056490</td>\n",
       "      <td>-0.062937</td>\n",
       "      <td>-0.111184</td>\n",
       "      <td>0.022003</td>\n",
       "      <td>0.127816</td>\n",
       "      <td>-0.034803</td>\n",
       "      <td>0.010811</td>\n",
       "      <td>0.165310</td>\n",
       "      <td>0.073768</td>\n",
       "      <td>1.000000</td>\n",
       "      <td>0.058716</td>\n",
       "      <td>0.086825</td>\n",
       "      <td>0.008353</td>\n",
       "      <td>-0.135192</td>\n",
       "    </tr>\n",
       "    <tr>\n",
       "      <th>TUE</th>\n",
       "      <td>0.022356</td>\n",
       "      <td>-0.302927</td>\n",
       "      <td>0.041808</td>\n",
       "      <td>-0.079351</td>\n",
       "      <td>0.002314</td>\n",
       "      <td>0.071505</td>\n",
       "      <td>-0.104128</td>\n",
       "      <td>0.015693</td>\n",
       "      <td>-0.036708</td>\n",
       "      <td>0.016491</td>\n",
       "      <td>0.020704</td>\n",
       "      <td>-0.012875</td>\n",
       "      <td>0.058716</td>\n",
       "      <td>1.000000</td>\n",
       "      <td>0.041830</td>\n",
       "      <td>0.181511</td>\n",
       "      <td>-0.064876</td>\n",
       "    </tr>\n",
       "    <tr>\n",
       "      <th>CALC</th>\n",
       "      <td>0.010574</td>\n",
       "      <td>-0.045565</td>\n",
       "      <td>-0.135756</td>\n",
       "      <td>-0.211351</td>\n",
       "      <td>0.028403</td>\n",
       "      <td>-0.087661</td>\n",
       "      <td>-0.063132</td>\n",
       "      <td>-0.082985</td>\n",
       "      <td>-0.039502</td>\n",
       "      <td>-0.083181</td>\n",
       "      <td>-0.085460</td>\n",
       "      <td>-0.004175</td>\n",
       "      <td>0.086825</td>\n",
       "      <td>0.041830</td>\n",
       "      <td>1.000000</td>\n",
       "      <td>-0.009828</td>\n",
       "      <td>-0.132821</td>\n",
       "    </tr>\n",
       "    <tr>\n",
       "      <th>MTRANS</th>\n",
       "      <td>-0.139044</td>\n",
       "      <td>-0.601476</td>\n",
       "      <td>-0.068258</td>\n",
       "      <td>0.009836</td>\n",
       "      <td>-0.092730</td>\n",
       "      <td>-0.069422</td>\n",
       "      <td>0.069012</td>\n",
       "      <td>-0.043648</td>\n",
       "      <td>-0.058158</td>\n",
       "      <td>-0.009995</td>\n",
       "      <td>0.040762</td>\n",
       "      <td>0.044381</td>\n",
       "      <td>0.008353</td>\n",
       "      <td>0.181511</td>\n",
       "      <td>-0.009828</td>\n",
       "      <td>1.000000</td>\n",
       "      <td>-0.047784</td>\n",
       "    </tr>\n",
       "    <tr>\n",
       "      <th>Obesity</th>\n",
       "      <td>0.014699</td>\n",
       "      <td>0.238308</td>\n",
       "      <td>0.038700</td>\n",
       "      <td>0.388802</td>\n",
       "      <td>0.330391</td>\n",
       "      <td>0.041023</td>\n",
       "      <td>0.025728</td>\n",
       "      <td>-0.088235</td>\n",
       "      <td>0.314510</td>\n",
       "      <td>-0.023341</td>\n",
       "      <td>0.092616</td>\n",
       "      <td>-0.050936</td>\n",
       "      <td>-0.135192</td>\n",
       "      <td>-0.064876</td>\n",
       "      <td>-0.132821</td>\n",
       "      <td>-0.047784</td>\n",
       "      <td>1.000000</td>\n",
       "    </tr>\n",
       "  </tbody>\n",
       "</table>\n",
       "</div>"
      ],
      "text/plain": [
       "                  Gender       Age    Height    Weight  family_history  \\\n",
       "Gender          1.000000  0.050641  0.626748  0.163176        0.113492   \n",
       "Age             0.050641  1.000000 -0.031748  0.198160        0.200379   \n",
       "Height          0.626748 -0.031748  1.000000  0.457468        0.232258   \n",
       "Weight          0.163176  0.198160  0.457468  1.000000        0.492969   \n",
       "family_history  0.113492  0.200379  0.232258  0.492969        1.000000   \n",
       "FAVC            0.061220  0.063895  0.180694  0.274655        0.214329   \n",
       "FCVC           -0.271575  0.013572 -0.040363  0.216574        0.033199   \n",
       "NCP             0.077863 -0.055823  0.227806  0.092149        0.028411   \n",
       "CAEC            0.074564  0.092097  0.058001  0.300271        0.207738   \n",
       "SMOKE           0.045501  0.091261  0.054326  0.024369        0.014885   \n",
       "CH2O            0.095129 -0.044058  0.220487  0.203823        0.168627   \n",
       "SCC            -0.102435 -0.117959 -0.137078 -0.205409       -0.193947   \n",
       "FAF             0.189471 -0.148202  0.293584 -0.056490       -0.062937   \n",
       "TUE             0.022356 -0.302927  0.041808 -0.079351        0.002314   \n",
       "CALC            0.010574 -0.045565 -0.135756 -0.211351        0.028403   \n",
       "MTRANS         -0.139044 -0.601476 -0.068258  0.009836       -0.092730   \n",
       "Obesity         0.014699  0.238308  0.038700  0.388802        0.330391   \n",
       "\n",
       "                    FAVC      FCVC       NCP      CAEC     SMOKE      CH2O  \\\n",
       "Gender          0.061220 -0.271575  0.077863  0.074564  0.045501  0.095129   \n",
       "Age             0.063895  0.013572 -0.055823  0.092097  0.091261 -0.044058   \n",
       "Height          0.180694 -0.040363  0.227806  0.058001  0.054326  0.220487   \n",
       "Weight          0.274655  0.216574  0.092149  0.300271  0.024369  0.203823   \n",
       "family_history  0.214329  0.033199  0.028411  0.207738  0.014885  0.168627   \n",
       "FAVC            1.000000 -0.025419 -0.006398  0.147921 -0.050713  0.002993   \n",
       "FCVC           -0.025419  1.000000  0.034885 -0.038565  0.013716  0.081332   \n",
       "NCP            -0.006398  0.034885  1.000000 -0.072316  0.005009  0.075335   \n",
       "CAEC            0.147921 -0.038565 -0.072316  1.000000 -0.054960  0.114801   \n",
       "SMOKE          -0.050713  0.013716  0.005009 -0.054960  1.000000 -0.031642   \n",
       "CH2O            0.002993  0.081332  0.075335  0.114801 -0.031642  1.000000   \n",
       "SCC            -0.191277  0.071179 -0.020461 -0.109393  0.047384  0.009325   \n",
       "FAF            -0.111184  0.022003  0.127816 -0.034803  0.010811  0.165310   \n",
       "TUE             0.071505 -0.104128  0.015693 -0.036708  0.016491  0.020704   \n",
       "CALC           -0.087661 -0.063132 -0.082985 -0.039502 -0.083181 -0.085460   \n",
       "MTRANS         -0.069422  0.069012 -0.043648 -0.058158 -0.009995  0.040762   \n",
       "Obesity         0.041023  0.025728 -0.088235  0.314510 -0.023341  0.092616   \n",
       "\n",
       "                     SCC       FAF       TUE      CALC    MTRANS   Obesity  \n",
       "Gender         -0.102435  0.189471  0.022356  0.010574 -0.139044  0.014699  \n",
       "Age            -0.117959 -0.148202 -0.302927 -0.045565 -0.601476  0.238308  \n",
       "Height         -0.137078  0.293584  0.041808 -0.135756 -0.068258  0.038700  \n",
       "Weight         -0.205409 -0.056490 -0.079351 -0.211351  0.009836  0.388802  \n",
       "family_history -0.193947 -0.062937  0.002314  0.028403 -0.092730  0.330391  \n",
       "FAVC           -0.191277 -0.111184  0.071505 -0.087661 -0.069422  0.041023  \n",
       "FCVC            0.071179  0.022003 -0.104128 -0.063132  0.069012  0.025728  \n",
       "NCP            -0.020461  0.127816  0.015693 -0.082985 -0.043648 -0.088235  \n",
       "CAEC           -0.109393 -0.034803 -0.036708 -0.039502 -0.058158  0.314510  \n",
       "SMOKE           0.047384  0.010811  0.016491 -0.083181 -0.009995 -0.023341  \n",
       "CH2O            0.009325  0.165310  0.020704 -0.085460  0.040762  0.092616  \n",
       "SCC             1.000000  0.073768 -0.012875 -0.004175  0.044381 -0.050936  \n",
       "FAF             0.073768  1.000000  0.058716  0.086825  0.008353 -0.135192  \n",
       "TUE            -0.012875  0.058716  1.000000  0.041830  0.181511 -0.064876  \n",
       "CALC           -0.004175  0.086825  0.041830  1.000000 -0.009828 -0.132821  \n",
       "MTRANS          0.044381  0.008353  0.181511 -0.009828  1.000000 -0.047784  \n",
       "Obesity        -0.050936 -0.135192 -0.064876 -0.132821 -0.047784  1.000000  "
      ]
     },
     "execution_count": 133,
     "metadata": {},
     "output_type": "execute_result"
    }
   ],
   "source": [
    "df.corr()\n"
   ]
  },
  {
   "cell_type": "code",
   "execution_count": 115,
   "metadata": {},
   "outputs": [
    {
     "data": {
      "text/plain": [
       "Index(['Gender', 'Age', 'Height', 'Weight', 'family_history', 'FAVC', 'FCVC',\n",
       "       'NCP', 'CAEC', 'SMOKE', 'CH2O', 'SCC', 'FAF', 'TUE', 'CALC', 'MTRANS'],\n",
       "      dtype='object')"
      ]
     },
     "execution_count": 115,
     "metadata": {},
     "output_type": "execute_result"
    }
   ],
